,0,1,2,3,4,5
0,0.0,0.0,0.0,0.0,0.0,0.0
1,0.03776564338760997,0.08433335995593769,0.2634553375348285,0.16038028014026498,0.2526823718263234,0.20138300715503532
2,0.25117523201548997,0.44774163631646835,0.03435529741262262,0.11848556915077808,0.02555432093358763,0.12268794417105346
3,0.382530491006949,0.23692888493426328,0.07600961154283055,0.10305365547555202,0.1499945783031934,0.05148277873721156
4,0.21072227965116616,0.009099283815647037,0.14355692608599618,0.1246845140342337,0.28990339058822656,0.22203360582473064
5,0.13488409767863713,0.17117785797157417,0.0026986444609727453,0.13294827259698874,0.46656966548871065,0.09172146180311662
6,0.2557321321689262,0.10726021000788706,0.16079819731586803,0.29456827253393336,0.07316893085334253,0.10847225712004283
7,0.077325192343465,0.05465931244153373,0.19679260196467763,0.18834810684982745,0.17159610620064691,0.3112786801998493
8,0.026959219640393196,0.016474814323468694,0.11574267319285127,0.16618453109299697,0.09499514945850122,0.5796436122917888
9,0.07555754144245727,0.09263329891047252,0.20204380221178847,0.16712503343273843,0.09027260786005006,0.3723677161424932
10,0.04076168634201359,0.057626044644964694,0.32187852746885354,0.29378418532988987,0.14750938272316536,0.1384401734911131
11,0.1381728819978469,0.07376376545706843,0.45331843261912513,0.1723602987362377,0.006976934352703158,0.15540768683701892
12,0.0013477267307263313,0.004888064533268521,0.20414402708046514,0.27238471891895694,0.023817118860626055,0.4934183438759568
13,0.16834338366028026,0.23336538086887776,0.15666451485811866,0.08895751001756105,0.08020472068444733,0.27246448991071476
14,0.010969113404557092,0.07773562584235649,0.25593996937420843,0.03990669035001214,0.21023700008416424,0.40521160094470154
15,0.08731248906454575,0.10108862634891258,0.21567096020984722,0.04594473177796006,0.20540980572116332,0.3445733868775714
16,0.29249648710703574,0.12192265457698565,0.06187197973058827,0.07735196439020822,0.2602880422412219,0.18606887195396013
17,0.3531102170885312,0.09602564911942005,0.13374693668753768,0.1083239755582393,0.30281233266746144,0.005980888878810136
18,0.3981795144922512,0.1957998486423352,0.010935797379646072,0.12214486464239739,0.26932129549400957,0.0036186793493604313
19,0.05388052051202257,0.023866773829737502,0.39549769429555803,0.257884194283534,0.0790751844429036,0.18979563263624433
20,0.11256473463666053,0.20019444638287917,0.14142695404474223,0.15111745940936408,0.20369578484290785,0.1910006206834461
21,0.3909805351455468,0.40138340310049037,0.005645859302853037,0.17011628292766345,0.011019481667436054,0.020854437856010516
22,0.02137032012303224,0.015443715848038388,0.28350351292415193,0.2244476401645466,0.028699527264472852,0.4265352836757577
23,0.004638264384064057,0.023570484427841005,0.4115648700209928,0.08521368916433872,0.2681553241704699,0.2068573678322938
24,0.0795810671341917,0.36460713553014046,0.06338854742657186,0.2993049385805783,0.17355322509868426,0.019565086229833446
25,0.09136867281966803,0.20779361658717538,0.06814917999936444,0.07409930002481951,0.456712088346292,0.10187714222268025
26,0.048127797853723994,0.45132394663700526,0.03252434133275052,0.20339708650011537,0.07892200327469953,0.1857048244017055
27,0.08311716719565189,0.538202522546524,0.03721643112194662,0.05190204585266053,0.2577739909374656,0.03178784234575112
28,0.019696534909792913,0.12818179505445312,0.25183983605258775,0.26038729477590233,0.10886663891430702,0.2310279002929566
29,0.5465609562797797,0.3104096767928023,0.0062875761015127535,0.10444838720416491,0.02529599889685294,0.0069974047248876955
30,0.01307067565273586,0.06287010445176291,0.4682718287390183,0.0018730460396961677,0.012234359279623568,0.441679985837163
31,0.1071633715555834,0.180642344692123,0.08093300682362248,0.18412052575192325,0.055077546277362645,0.3920632048993857
32,0.07594604274390235,0.0761235326627956,0.1965159230464649,0.054149862331678594,0.36516854462628967,0.2320960945888691
33,0.20038719826014428,0.11725191114188024,0.1092519681414082,0.09546422685746934,0.2678923790822935,0.20975231651680465
34,0.29703944025573586,0.5634686441315621,0.0011997211352356126,0.07918790876578266,0.03480383109713343,0.024300454614550566
35,0.7770999246152782,0.018877548299184487,0.005455967395044664,0.19169288406537302,0.006540289680082572,0.0003333859450371406
36,0.7854744588832118,0.1790671978791671,0.000989902512519347,0.010336984649634848,0.023545995012366185,0.000585461063100569
37,0.9076551796054392,0.07435013275181913,0.0016129117940330638,0.001838745978597945,0.00837734064865554,0.0061656892214552545
38,0.26639344329456505,0.408998279775234,0.027771921246444203,0.132375485641806,0.0803398354298679,0.08412103461208281
39,0.26591001485152693,0.3580444589081441,0.09060226012799714,0.049578891026364896,0.12330765974004707,0.11255671534591999
40,0.330237377896534,0.32701831616012417,0.05340643695806606,0.03244959090523421,0.21456568554210165,0.04232259253794008
41,0.3309233344397801,0.22133019168394785,0.026521216976051722,0.1593538366619515,0.19244849219971438,0.06942292803855447
42,0.08804483188707457,0.08991512851336657,0.26135254521698154,0.15470952987202607,0.19381394539160607,0.21216401911894525
43,0.0885690018975865,0.34932107365695597,0.0023066650541888763,0.10735700906634293,0.387553179782162,0.06489307054276386
44,0.20220629196039863,0.21177290508145372,0.002540175683632536,0.06218987854422611,0.49379533366162714,0.02749541506866159
45,0.017954162938770973,0.02111152459895315,0.2309412336417699,0.039155111384073585,0.1568390346591573,0.5339989327772751
46,0.13895535565422476,0.0065471122988160725,0.019999548700895767,0.10657664503758506,0.5145024323677998,0.21341890594067867
47,0.16902167256549333,0.019769011813431006,0.01009479171978572,0.2095245578612976,0.11739500095522964,0.4741949650847628
48,0.022373715344631735,0.02691104175544475,0.47994668509097715,0.06679751599848273,0.18154062995858225,0.22243041185188184
49,0.08588024843056583,0.05474422807475593,0.007986662242658758,0.25866203151129513,0.4720332713226651,0.12069355841805904
50,0.0030174402313031838,0.006602652919729517,0.6025565518568952,0.19723764255848525,0.01581218788682932,0.17477352454675693
51,0.2168655490076929,0.10505935381139,0.13206035147186063,0.04585464229006755,0.3075310770655937,0.19262902635339543
52,0.02421679565350063,0.14629075598037702,0.02076758701345021,0.26583148573728316,0.3532374264960994,0.18965594911928962
53,0.3051575678453245,0.3189048693281941,0.12776132672089627,0.048710077084617956,0.1824607038468934,0.0170054551740739
54,0.08967962390045553,0.10023073928111674,0.017715320085044804,0.16633063061070405,0.5820719626118754,0.04397172351080331
55,0.140710996871992,0.04850647935358034,0.22579546766526287,0.19509218492290523,0.33959049049484336,0.050304380691416316
56,0.13719834743905715,0.003818964659508106,0.6311022302114307,0.0032302179692261777,0.12307575805404855,0.1015744816667294
57,0.08188759892016494,0.08489200180177721,0.08280051377468202,0.30578493459886325,0.14286291612979213,0.30177203477472053
58,0.08508200143974877,0.3996962566222452,0.240572980995499,0.22449858253869892,0.041250604844015396,0.00889957355979247
59,0.056104616386431834,0.04294398393677645,0.35072823036734624,0.21583478684081867,0.0064397715192385015,0.32794861094938793
60,0.06630489568514132,0.039859930296853176,0.2513198266843543,0.053141382543056406,0.08729479336247013,0.5020791714281246
61,0.053688790461759346,0.06454062449901084,0.1578004632994151,0.22750941923795648,0.28744329776947536,0.20901740473238323
62,0.12636046516623456,0.31870669048087186,0.05657672807518195,0.06880664982015401,0.34836481237337563,0.08118465408418236
63,0.2262613849296938,0.39598945025969584,0.018512925646488477,0.16681123524617117,0.18953977510955444,0.002885228808396413
64,0.0017441249650657733,0.0029314312540177786,0.5189688093963406,0.05144005335263246,0.04002583148679531,0.38488974954514865
65,0.09172091357447537,0.06285705872763989,0.08794625752625684,0.07148437275887294,0.3698218301953792,0.3161695672173758
66,0.060272285213045,0.2782823159918254,0.02972097811093001,0.14519048342950336,0.14645635059370413,0.3400775866609916
67,0.48735637568355444,0.09662752247437585,0.046848991434481915,0.09979225058813714,0.24735330402056546,0.02202155579888529
68,0.19028701309537815,0.10178299808617787,0.027156897897141676,0.10521008154779686,0.43202633643814436,0.14353667293536096
69,0.10362176170449053,0.009838973495451585,0.2537234087803731,0.0021744456500304116,0.2324317294770732,0.3982096808925804
70,0.06149631052615808,0.15942810395657223,0.1578826205462159,0.08359606755478372,0.28904415937939376,0.24855273803687644
71,0.04733890751705143,0.0592646514671677,0.1714873105415081,0.2652031514682546,0.38654771842694646,0.07015826057907144
72,0.2880581580734665,0.28868257505169614,0.0380637739722395,0.08259337304617051,0.2841429555338895,0.018459164322538045
73,0.21296533057855327,0.07179464716223863,0.03686649499818284,0.03296687574383674,0.3229639754590079,0.3224426760581804
74,0.1840871458992565,0.2996077546147075,0.44925450234705827,0.01462647077322499,0.042748082037956624,0.009676044327796144
75,0.0901073831763023,0.11272360677799502,0.28476754088961737,0.030252180309188775,0.455987471017434,0.026161817829462586
76,0.08741401573896376,0.2692732820971834,0.02274351923996412,0.01562164060905997,0.4861736457220167,0.11877389659281234
77,0.011904832123861508,0.4910312424205067,0.03706362031468355,0.030858043437563827,0.26515327672604105,0.16398898497734285
78,0.4209286094462655,0.45127289934937426,0.0013812079694285667,0.03560488883241332,0.09037358549910225,0.0004388089034162017
79,0.002645152609355766,0.05831181577241275,0.32590671604361926,0.04322283538247518,0.10565435650515906,0.4642591236869779
80,0.5949727703939066,0.15554315719248674,0.0004277135347956073,0.04960852903012947,0.19161329766942356,0.007834532179257819
81,0.10949628907243104,0.18279803766918606,0.11489108477388756,0.11584274448442375,0.23845483342087326,0.23851701057919833
82,0.04763112094731795,0.19035965020083165,0.19137563824816045,0.06644292558093948,0.2808380044715848,0.22335266055116573
83,0.01772120774546078,0.03269992967488685,0.2936909370511294,0.11512547586812086,0.12476189872449936,0.41600055093590266
84,0.5314897452159438,0.060910313485690794,0.002557019155456572,0.19624096081384532,0.20229012279195627,0.006511838537107089
85,0.3331697658795067,0.38168182955991414,0.010319937972839968,0.1841309641283235,0.01900028069747809,0.07169722176193753
86,0.06698435195046146,0.07446522086282706,0.33365025834768786,0.1522552165592144,0.19082020641290745,0.18182474586690203
87,0.010528502454676266,0.035389597405280596,0.25858221964654043,0.12327158636731479,0.09386213544096275,0.47836595868522547
88,0.10471003562114367,0.2602312321076388,0.04718517147114043,0.08939004823094406,0.3390337597636177,0.1594497528055153
89,0.021481341881995925,0.02122110128217251,0.21099394889078632,0.12868959477438144,0.13362276201459608,0.48399125115606834
90,0.2945440929072649,0.24552336308946385,0.0032430739366439503,0.18944214132515724,0.18315721386661998,0.0840901148748501
91,0.04303668470692906,0.15300823487836773,0.19507753883063406,0.2949572130898898,0.3072626039921296,0.006657724502049785
92,0.06622128015939208,0.13679950702239418,0.12994783677436778,0.08295754312784114,0.4449067391600328,0.1391670937559721
93,0.08900887735155512,0.09291948310600034,0.22980926891646455,0.0014529221647082344,0.13548044801154863,0.45132900044972296
94,0.3414155081017653,0.19617820847888615,0.0495408912241768,0.011681986493052856,0.3865183984025392,0.014665007299579688
95,0.05345249068585729,0.04367663935854906,0.06722739722577771,0.08402766720523164,0.26677837137777627,0.4848374341468084
96,0.045920377681570916,0.009459363391201035,0.5420111186624826,0.25236107343612035,0.1227187200613431,0.027529346767281693
97,0.05401017871272737,0.2586684530115144,0.25960751024693385,0.06054103910391662,0.07058111448178649,0.2965917044431213
98,0.004756542489732323,0.01101654223228554,0.6662087657564446,0.09776238223869531,0.0444129177010591,0.1758428495817827
99,0.08146277215587322,0.15563282114726534,0.10709721626481082,0.08816149135745785,0.0812687507580772,0.48637694831651523
100,0.04940120969503277,0.05023142940112643,0.6149158117915858,0.042636264892946425,0.08926387635904331,0.15355140786026583
101,0.17565304027140557,0.15500821261561162,0.02046337955084922,0.21969686459914772,0.24269484738734784,0.186483655575638
102,0.10299977528991633,0.4158226772272193,0.01980993927470188,0.05519254365006041,0.39506126449231277,0.011113800065789273
103,0.6328153335125386,0.36148467329592643,6.645321367786469e-08,0.005503864936727343,0.00011473114468274159,8.133065691122143e-05
104,0.974161879387093,0.02541835994271872,4.484048968418476e-07,0.00020815387984735904,3.1546163286066274e-05,0.0001796122221581375
105,0.6641821886585106,0.20464270703381526,0.0008749191839490082,0.09586063390480877,0.025021313977237267,0.009418237241679037
106,0.2399442937498407,0.6342915753935218,0.008114271516605235,0.004954245050180167,0.08374947248404403,0.028946141805808196
107,0.1840668545985203,0.007027998584891315,0.024538746040034948,0.17639884153156987,0.3543417011194434,0.25362585812554017
108,0.4439994668263343,0.170600773901376,0.028925481646298934,0.003089280801858533,0.3141179018908717,0.03926709493326065
109,0.14505723096175302,0.23775073861989693,0.1661120234900701,0.11387450404034245,0.21468926085670043,0.12251624203123708
110,0.6221086341510299,0.31180690124687194,0.01796082048535927,0.040280817245791384,0.00234617460887691,0.005496652262070408
111,0.12283864273671306,0.21010060492929417,0.06699224922058662,0.021074308620929086,0.3911945710736378,0.18779962341883952
112,0.6213413487107912,0.23235122504169192,0.002488527617424497,0.1130880973419102,0.027662077707172793,0.003068723581009375
113,0.0037607368032609736,0.07931206555732603,0.04192355410466935,0.09316564938681149,0.3150437899945767,0.46679420415335543
114,0.0029614341840536974,0.024906807967931203,0.7690238774566471,0.034173439532210345,0.0048572060132296875,0.16407723484592762
115,0.1780786256511811,0.002162836126527755,0.06013538309358839,0.4594092625176912,0.01592700440617694,0.28428688820483466
116,0.0711728069092465,0.1146386445420737,0.2015563308468917,0.07509896945793601,0.1485298745044548,0.38900337373939703
117,0.10550284193958703,0.13481779843945285,0.24803769525654443,0.32689201926348277,0.008476271705357587,0.17627337339557558
118,0.2732463575007825,0.21884784280097813,0.13342111723946767,0.02021253593362975,0.35382472483163707,0.000447421693505322
119,0.0011776928901571953,0.008268902678431254,0.2953788629747429,0.27025709850142693,0.006665307790271348,0.4182521351649704
120,0.6126224830701721,0.35126509488451857,0.00853128977341357,0.018116432818989173,0.008903155885661563,0.0005615435672451296
121,0.2569613202528034,0.11330185236744518,0.10019682536576051,0.040862040565625625,0.3038154169875153,0.18486254446085001
122,0.5468867879333542,0.36299343021249114,0.007913620497169042,0.05773223718495652,0.02184228634968243,0.002631637822346698
123,0.14525730672390066,0.3312443300557281,0.009247028597211892,0.02290887704325167,0.39552942359736765,0.0958130339825397
124,0.021177389940264375,0.07083927100586433,0.3994273530085848,0.11833254959037297,0.01959057300428409,0.3706328634506293
125,0.031093728051298945,0.23045221488512546,0.043133714860656674,0.10243072939209469,0.3329328704286553,0.25995674238216854
126,0.010158756339072414,0.12775174256569177,0.22646512917575387,0.4538243485419807,0.10513745542902353,0.07666256794847777
127,0.0077334239329704445,0.005924531421091132,0.5888780122012781,0.2166769586459876,0.06560150572414451,0.11518556807452764
128,0.1353883227666501,0.2481544703138357,0.033266003659105196,0.2416769446762955,0.04089050202123476,0.3006237565628788
129,0.030900149095294215,0.10694537998538274,0.33622450484468774,0.13608766442015355,0.20217306896705073,0.18766923268743135
130,0.8584341487945577,0.07535577375716601,0.022923395075306004,0.01871832006935756,0.0167303071588264,0.007838055144786278
131,0.05318314962488028,0.15358841464692413,0.20201959817428197,0.04052192927090031,0.3066511549528655,0.24403575333014801
132,0.0167757424082526,0.011174749251142924,0.36924780952563585,0.3478979130618478,0.12174119773141605,0.1331625880217053
133,0.09073382995515342,0.037806696477575535,0.21954738973285684,0.15443203374181833,0.1498742993074703,0.3476057507851256
134,0.005300460934922101,0.004698608718979057,0.24575735867274953,0.08153272798447145,0.059620828335365375,0.6030900153535129
135,0.04136945619132333,0.13873245015409436,0.300303990450898,0.02358190104666509,0.18435594880772263,0.3116562533492966
136,0.028152625064868285,0.030365996609133316,0.16535351198820814,0.20764034882999835,0.17303567894663413,0.39545183856115773
137,0.017428710760927297,0.0597095077284053,0.3778181469878543,0.03569553274792882,0.28029177961276647,0.2290563221621181
138,0.4502384041721316,0.419451380275639,0.08047610690481859,0.016876116240108985,0.01734235233953463,0.015615640067767195
139,0.0508828619264623,0.8431227483942731,0.0009802697501166654,0.06975395232201383,0.03284342483109886,0.002416742776035149
140,0.21557641360150528,0.17759048720087733,0.045425881789960335,0.24513114814964862,0.2716378283946301,0.04463824086337836
141,0.02746514875627046,0.2565853677499006,0.03297637553063261,0.05133931805638552,0.5557121066885293,0.07592168321828169
142,0.2861077278407495,0.10416377670465808,0.00029085621217497863,0.1871753658481077,0.3812853510742612,0.040976922320048376
143,0.07194809349012027,0.04937860822253525,0.23691483415004452,0.2908906752104952,0.13016582095518453,0.2207019679716206
144,0.021154803344017696,0.1514166745347662,0.39868876431529615,0.09600863344260865,0.31997339432448707,0.012757730038824262
145,0.4478758231004817,0.5092272957519884,0.008161465215844998,0.015909298615305375,0.009835977249336263,0.008990140067043396
146,0.6186528264556456,0.15256080811919415,0.0027040954922210054,0.024105578527628842,0.13215295421703235,0.06982373718827808
147,0.16507369980496225,0.29431771978791915,0.256542402935417,0.09110540066068896,0.141173130437722,0.051787646373290766
148,0.03499978485587166,0.4684303089624129,0.0013153974788248435,0.28880591178975556,0.11378209148180418,0.09266650543133086
149,0.3619779982786896,0.30314804425699593,0.08371672468441137,0.09903652759817909,0.05335925079852796,0.09876145438319613
150,0.04479738239950747,0.16924147133330605,0.27661593830621334,0.21274105382069267,0.18728124270720753,0.10932291143307303
151,0.15169440441995122,0.05323505188414542,0.12712085272711077,0.2150238971261937,0.1974799246273419,0.25544586921525697
152,0.07038965379784412,0.1069943307370326,0.21320234804656463,0.02420434457089155,0.3983883815772541,0.18682094127041277
153,0.04648559274026385,0.12414276841171282,0.16968575543005204,0.13633381073246792,0.29927504607602223,0.22407702660948128
154,0.08965236775922654,0.06873797091518814,0.06743104465384825,0.26998256731756465,0.25339650760592625,0.2507995417482459
155,0.09489192765610162,0.557622179614158,0.05315414988939592,0.042815316646704876,0.12791430615876054,0.12360212003487914
156,0.03620012804090525,0.0912908696970205,0.3292462551553948,0.1961237716393005,0.0904225863210704,0.25671638914630845
157,0.018367417469683324,0.18148592004845912,0.09967799883210902,0.14879284610005666,0.33174560219768773,0.2199302153520044
158,0.3321107746641385,0.6229117456480509,3.144497874494025e-05,0.020304930278974592,0.023563638557166353,0.0010774658729246205
159,0.16713006500461353,0.1143999383130384,0.008805943345289731,0.09048133228324368,0.5737878774964044,0.04539484355741069
160,0.17609818930316398,0.1452089927993663,0.1398970151667459,0.0493631309665644,0.40061905865725195,0.08881361310690764
161,0.11397950019179073,0.2701626600465331,0.0976831008513415,0.2258440211047548,0.27345520719473193,0.018875510610848124
162,0.09692154597181611,0.290127250400498,0.02420715240839614,0.4645838009735457,0.11385918784525483,0.0103010624004893
163,0.198837128715263,0.012793019752025386,0.07612214402381778,0.14163387613722284,0.23635699366616045,0.3342568377055106
164,0.1743206632588968,0.011906123237898483,0.07085801760335275,0.27009618096976307,0.4110128007051771,0.061806214224912004
165,0.033062836254535564,0.0009811624360163077,0.34453134174851757,0.14374071800781044,0.08688514701976963,0.3907987945333507
166,0.01087720694468628,0.03922200082990192,0.3708313616980067,0.07777147880932156,0.008155151073818263,0.4931428006442655
167,0.10963394956876768,0.643988417434315,0.00036841537602888167,0.04763679698566042,0.1900018706290387,0.008370550006188974
168,0.00442806404221449,0.04882746524606888,0.14562007059854193,0.2539226644128635,0.10420923663030433,0.4429924990700067
169,0.00028275611443568695,0.0002857786657972339,0.4992378259350021,0.13501987368329804,0.0104230118543883,0.35475075374707804
170,0.024904293051296194,0.008603353371917572,0.3834179616264906,0.4215458344973004,0.09779720115947706,0.06373135629351862
171,0.05067017698648808,0.04629248413371641,0.21980225911539275,0.027818470723618788,0.16385532224473473,0.49156128679604905
172,0.00995908759434717,0.022615956964278008,0.5758966022750257,0.2036589421489821,0.09270998927422337,0.09515942174314362
173,0.012589756266432854,0.034970488322483784,0.0036544539641217713,0.3748265092795336,0.1165625034484763,0.4573962887189517
174,0.015123703235763697,0.00516873474093808,0.2832665551358751,0.15495781246563098,0.019394585865025297,0.5220886085567663
175,0.10425370611677742,0.07087487637194279,0.26843302454713086,0.18267257511567525,0.16192419831594884,0.21184161953252506
176,0.03770566921354981,0.05922125145323031,0.3050655367854379,0.04949643754974222,0.23792057003581366,0.31059053496222694
177,0.08260196575242272,0.07989015715679393,0.2603103879378653,0.2060432788360365,0.17014768488436083,0.2010065254325211
178,0.001641640420825038,0.014222523470412222,0.3795663654721833,0.07334292443928736,0.026494150159873525,0.5047323960374185
179,0.10514584606391696,0.06701574017371015,0.4405043088675805,0.0800562906697694,0.08057092082309858,0.22670689340192413
180,0.04055164520650091,0.007265804093326078,0.513595134058988,0.1859831573804568,0.20247582632570937,0.05012843293501905
181,2.884240208687639e-05,0.00496469574628596,0.1126521540226912,0.05183924449045125,0.3373655032046951,0.49314956013378963
182,0.003805180825658441,0.10483754313983888,0.3041026170298299,0.18873779329172413,0.17643574724611003,0.22208111846683837
183,0.03007370975507838,0.08805521475692189,0.28407263207143024,0.087316135652327,0.10239052481878796,0.4080917829454543
184,0.32386466568290895,0.043139571442460924,0.003680408627049883,0.24097894065649542,0.0629106166992659,0.3254257968918187
185,0.012734368466307194,0.017031395837681904,0.12316306446109411,0.28150459872945904,0.044519938822570236,0.5210466336828872
186,0.03890389823875065,0.06984869182992719,0.19482728566544807,0.1568023507720106,0.25759367154442936,0.28202410194943395
187,0.008107483485703013,0.0015861266394357613,0.4330189237143596,0.4346544688835282,0.09685190322882535,0.02578109404814802
188,0.020029085437114194,0.053584363360501874,0.07351322923779585,0.20128646205632256,0.4399225468087654,0.21166431309950004
189,0.0208108483960309,0.047340228038525944,0.39181632370257474,0.2048389289888555,0.2073254066967187,0.12786826417729438
190,0.03548537891218573,0.010596558522720338,0.49014189935343977,0.06099500190981156,0.0200363771122037,0.38274478418963886
191,0.005017677856833971,0.04143772927875953,0.5031176116550351,0.11462252235607423,0.03567875000336464,0.3001257088499323
192,0.011730666679078306,0.04231463217187785,0.42776311800185685,0.13427959536451903,0.024517658250903344,0.35939432953176437
193,0.012109254058517017,0.1053798035593467,0.1372770672270666,0.0348432527848593,0.34817680008099966,0.3622138222892111
194,0.014203935995922038,0.010529861454877205,0.44680768060910575,0.17254324966866938,0.34987747399835156,0.006037798273073965
195,0.01879207358099583,0.05443546901375373,0.23024198089868758,0.052267164503206794,0.2702888018808195,0.3739745101225367
196,0.06745034948478819,0.08091263640276099,0.27131095200855043,0.1454624157933532,0.06503473559590373,0.36982891071464385
197,0.027137465356859302,0.049128563166111895,0.320132521579788,0.011322609118304834,0.13618602320238002,0.4560928175765558
198,0.0074088201097088505,0.0034844085935628825,0.37120222629621463,0.12031459231357643,0.1574875485077451,0.340102404179192
199,0.013852208600344999,0.022889148027690976,0.5750260435398414,0.1806700596067806,0.0632213078697342,0.14434123235560775
200,0.06443562716574615,0.08395386776518457,0.2276346906728704,0.12973778654126536,0.21631229093043985,0.2779257369244936
201,0.1559516225732222,0.14725887756078732,0.10490615462574417,0.23612138812078948,0.16825664098292137,0.1875053161365349
202,0.02220586556163694,0.15728160002925645,0.22581816281290276,0.09884009260820956,0.15955540614581892,0.33629887284217574
203,0.04535818582708146,0.06405658757476562,0.2422194906370865,0.12036907075764511,0.24565745810560288,0.28233920709781873
204,0.03333988137329443,0.05513111391179715,0.1761019218753476,0.19834708441094556,0.35165562065290373,0.18542437777571139
205,0.03023911171849294,0.05523827845676517,0.27160976813056,0.25906196785621904,0.07377471537403378,0.3100761584639291
206,0.24554668819322736,0.2503404565259876,0.20901517908834938,0.028170064309248937,0.12124357480237223,0.1456840370808148
207,0.0345178787579489,0.10426865249105882,0.12866788853214267,0.376570777716748,0.05049681561151975,0.3054779868905816
208,0.01387615972368481,0.10866159243915623,0.2534674821524064,0.09721370249526277,0.23240909096688753,0.29437197222260225
209,0.028978668432516366,0.13821841106954744,0.3537498004763464,0.005102757825309249,0.24190004495557538,0.23205031724070507
210,0.04916551709288626,0.01107811624412111,0.2530789909826209,0.20013989937241014,0.19163480514747072,0.29490267116049074
211,0.041625789778507984,0.04408228528291406,0.30323342669124537,0.16406621307590935,0.33431074203467814,0.11268154313674568
212,0.1526033729868797,0.1714357849045623,0.22917354349474398,0.14443760914895762,0.10073689773807588,0.20161279172678045
213,0.01080354808513314,0.050481118337503426,0.2829424631347084,0.04305461300975186,0.09900313256962832,0.5137151248632751
214,0.28614865153395885,0.19023265906762674,0.16385058930345991,0.012378829374702952,0.26045373494192875,0.08693553577832266
215,0.07998445535566401,0.118267322402099,0.1681582094725211,0.1340553746557916,0.24901972123107058,0.25051491688285366
216,0.006263572033935421,0.025781557904496637,0.27768053106466545,0.06795917481906588,0.2597768139800765,0.3625383501977603
217,0.18382226185558148,0.5074001032192438,0.008631741079381194,0.16089012008643977,0.0354705068363828,0.1037852669229712
218,0.2123182623702202,0.02195173282932647,0.03694152524419885,0.05639930397605527,0.5952991738336018,0.07709000174659673
219,0.4002203277375576,0.1914455642884781,0.16859607017114492,0.02090524173405472,0.11420993814597041,0.10462285792279419
220,0.13400924452878413,0.21038607262788936,0.12625669719473825,0.19874096198741867,0.24447169279772027,0.08613533086344942
221,0.12182406140024006,0.08651544486305063,0.4551988331542293,0.01533948848803726,0.07480410944727113,0.24631806264717165
222,0.08421431591028854,0.2065284098394983,0.14384896586262122,0.169146165261113,0.1903966023982298,0.20586554072824878
223,0.02595516527308617,0.014568246967418277,0.5140459777453406,0.13962374365286878,0.022512644142065157,0.2832942222192209
224,0.15693602588865915,0.06489687330759834,0.29873721962842015,0.11639514591134867,0.23381707967033127,0.12921765559364232
225,0.36963032191683154,0.30983365069248925,0.004328885233943601,0.1370900795688829,0.17035859173470336,0.00875847085314907
226,0.07494466414277123,0.34454826207197514,0.03053248039203577,0.1998627479847715,0.21321791285701028,0.13689393255143617
227,0.3071043266402246,0.23338475411119083,0.1363396033758458,0.11916947792037835,0.14125034226356964,0.06275149568879079
228,0.052805922903809414,0.09629030725967008,0.1637126924945708,0.262450076955109,0.07923371541972264,0.34550728496711813
229,0.23070558650127534,0.45968068345099655,0.020693748732828202,0.05755405883795641,0.17352960101383105,0.05783632146311223
230,0.09869006680706979,0.40667568780070984,0.1634532050253232,0.16464372717907572,0.057314971689213214,0.10922234149860854
231,0.5132845078774472,0.3760987158188907,0.0006273299992908963,0.030996660001807175,0.06921119786173546,0.009781588440828664
232,0.10234464227352925,0.3539229562707252,0.003062810716200138,0.2064919797472146,0.25529960171848054,0.07887800927384998
233,0.2089105529357782,0.28309284905467297,0.12295168121197703,0.031318259551782066,0.31370426794697825,0.04002238929881141
234,0.008885165736006152,0.1479868024863444,0.2712721851821241,0.24618962841545314,0.3000491871533879,0.025617031026684736
235,0.49160335080401435,0.08444831445712904,0.02103960002952717,0.23844731833122101,0.13384440479716098,0.03061701158094762
236,0.06457911495669155,0.19653207713581686,0.1019329182104079,0.2781614939170581,0.3080445320976695,0.05074986368235599
237,0.038798415530907536,0.2092641254432788,0.0652276214930217,0.17903795361329017,0.0779036770556578,0.42976820686384387
238,0.037697133182430405,0.06852136156685004,0.3785409739482004,0.04046966077656203,0.34153867402393157,0.1332321965020252
239,0.07513782102884872,0.09540375161295905,0.01083300785156931,0.19621334838627755,0.4318252440992809,0.190586827021065
240,0.08011181155318398,0.7031766464565812,0.07345906379400023,0.10244923819383282,0.03260658138339245,0.008196658619009216
241,0.17429547548114996,0.06183130952905909,0.09662452559739174,0.07748205494529117,0.38528737274705427,0.20447926170005382
242,0.016267093218003546,0.06471821992539709,0.37660918120808956,0.1938432212080059,0.15618299114512554,0.1923792932953786
243,0.6559840549431941,0.23789972458608238,0.0013506152683253189,0.05760409900117948,0.046665889599887704,0.0004956166013308644
244,0.08744610152004488,0.42809309392976375,0.03186555259771518,0.1307476524426721,0.1866213998677966,0.13522619964200747
245,0.0880185750650031,0.35713290581900065,0.03094642071037468,0.1581783318277289,0.3509132148461216,0.014810551731770613
246,0.06736544960369663,0.09425358443434359,0.35987428746040756,0.03051431764785902,0.09511989147822415,0.35287246937546873
247,0.7448515176917961,1.7518780778753026e-05,0.0011149695179211746,0.2512058564277285,8.273176543949006e-05,0.0027274058163359325
248,0.11066571863317666,0.034635190496459675,0.03870293730622552,0.08030471946909044,0.40349188340576564,0.33219955068928214
249,0.09640972581896248,0.3730428579603815,0.03613903040493635,0.18054912742086104,0.22837865750314565,0.08548060089171299
250,0.18181530094935552,0.14534829961836712,0.1344333079850797,0.17455422814856836,0.1615128669977625,0.2023359963008673
251,0.002767135488678746,0.020156339125963124,0.5362461234344967,0.18637408837787947,0.031065490159404918,0.22339082341357724
252,0.3571931739312573,0.2828129432509061,0.015767440131409658,0.03479580006683755,0.30620285042782863,0.0032277921917610248
253,0.2482202100491994,0.22015219419410717,0.448161688924461,0.00479832381344653,0.0508011187046258,0.027866464314160008
254,0.7287204483679278,0.19576210803312566,0.0004944916150614146,0.03013300524027003,0.030892695261228145,0.013997251482387023
255,0.25436183920996885,0.031971021762758726,0.03036098039212796,0.30701067966343504,0.25897921905555116,0.11731625991615814
256,0.024401101125117317,0.20924077900155033,0.16657148298509927,0.14234834054963943,0.27406475406721664,0.18337354227137698
257,0.02415528128349285,0.17489665103577332,0.18879696371655963,0.08058603261807222,0.03260926364660811,0.4989558076994942
258,0.03606226008026403,0.17549558446556235,0.44082920474863263,0.15746942440307576,0.18982411026563442,0.0003194160368300468
259,0.5508984354369333,0.1827687664199938,0.01395363498767623,0.11320396415111975,0.08380412513048639,0.05537107387379021
260,0.7000889912535175,0.15321256354153379,0.0065367352927294484,0.04153322455079962,0.07959793762242567,0.019030547738993164
261,0.6941239016941669,0.1284441321024311,0.0019560011945047853,0.11421375199680876,0.044192497705963237,0.017069715306124566
262,0.10313473630595704,0.1130055376602949,0.32254768687771745,0.11581647378278861,0.1372697121113813,0.2082258532618607
263,0.8756358245657315,0.018108651896062408,0.05815812356092931,0.044971485091486615,0.0022544268739723146,0.0008714880118177763
264,0.620967211905319,0.1047763761373887,0.0004505161541326444,0.10168164890587501,0.14405918750916272,0.028065059388121878
265,0.0016793778098380893,0.023715029116433337,0.10789342179222448,0.21549555698871944,0.214721885572255,0.4364947287205299
266,0.6900565626514891,0.02122591899412452,0.09916036522675321,0.12763525312169555,0.029471929944270038,0.03244997006166756
267,0.5269472068057415,0.27434537440119305,0.010794626294563568,0.017952853411083068,0.10629577379120796,0.06366416529621098
268,0.17008676939951894,0.0041181655220145835,0.4388099881663279,0.15352074746753797,0.14508259008953847,0.08838173935506252
269,0.043073506947042886,0.033433708310726555,0.3145317172795394,0.21919788944716723,0.226877914342763,0.16288526367276077
270,0.059615111836015984,0.07382601735569093,0.1152517294656255,0.10315703130672238,0.35629552202203474,0.29185458801391057
271,0.2588319182847799,0.1717173378812338,0.001569109317080992,0.26516662779178723,0.24980192180607805,0.05291308491903969
272,0.003575403256720134,0.022444062816374986,0.5893433530510099,0.20713686951168503,0.04310415426592887,0.1343961570982813
273,0.004236740034277152,0.21531631753230993,0.04118307808031626,0.32376281600139967,0.005221576326315801,0.4102794720253817
274,0.0687110814328915,0.23503869965268476,0.04695574412760278,0.14361410690555063,0.4628041001971517,0.04287626768411876
275,0.0248744839819267,0.06686216305519571,0.35634478787684093,0.14341638110860133,0.05294610971249874,0.3555560742649363
276,0.15948082409969194,0.06644616325132909,0.23212425417879923,0.15087528972015476,0.16988635493460777,0.2211871138154178
277,0.22402603291260303,0.1975274781475411,0.08465634752000294,0.25104914695117936,0.0813976115488803,0.16134338291979336
278,0.20569681272897916,0.2451012906302029,0.11684003239820093,0.16458226939772294,0.24528678228471743,0.02249281256017662
279,0.17761398258638889,0.24177840367528813,0.003650638017300773,0.008147892775662953,0.4891467420687762,0.07966234087658315
280,0.31524348454482554,0.05108334320871115,0.003358012872489031,0.123292905778821,0.41821610112273105,0.08880615247242281
281,0.1756288358704799,0.5385907977702097,0.008843591029674457,0.10917605731955177,0.13179964827218663,0.03596106973789734
282,0.047526271248328845,0.17823451143213623,0.06733864477400976,0.08201379474975003,0.2478046963978121,0.37708208139796345
283,0.06877780807609668,0.2471774948470603,0.2584031283785392,0.041398623067762735,0.07846517671585235,0.305777768914689
284,0.3310403623789261,0.1694429761197377,0.04701248295503521,0.1389780073557148,0.23750262310346074,0.07602354808712612
285,0.017357137916533392,0.027796871639870067,0.6636192476051634,0.04115562875958968,0.025662266398310683,0.2244088476805327
286,0.22620001858484795,0.07993422683270665,0.3034848671596868,0.09412472241614002,0.07663620674435442,0.21961995826226388
287,0.03838668323396363,0.08297744611775594,0.09539638109718897,0.12942153797857847,0.5524095963984949,0.10140835517401826
288,0.19913834308860517,0.0557193527559455,0.11879119688571496,0.15751408312916487,0.3560661486809839,0.11277087545958557
289,0.4042989425063035,0.18201235622736722,0.03872124209653471,0.11622526668320039,0.2318981111564785,0.02684408133011581
290,0.24921939663516146,0.548270055172526,0.022919210814146284,0.061003505097454926,0.08881118981241791,0.029776642468293264
291,0.19425290357458572,0.231762333323431,0.04786267723796265,0.011597244978681278,0.4656825400486307,0.048842300836708076
292,0.0834349758168748,0.20656321207977155,0.17175033526137118,0.28184225742713925,0.18161360073188348,0.07479561868295977
293,0.020516024574667523,0.09896016936138279,0.1909452378174382,0.06444428978167588,0.18878330058163667,0.436350977883199
294,0.36594741917468276,0.1492360221683564,0.0804680695475848,0.03414331519979989,0.2753410026396668,0.09486417126990901
295,0.11666727231540758,0.30153556061487224,0.06900643682017857,0.1639069215851156,0.3198988977461916,0.028984910918234297
296,0.08909189189780958,0.1461566237660005,0.008380097805037722,0.023904672211344666,0.7249258596336561,0.007540854686151338
297,0.0046953871370385624,0.033217562406204215,0.3455891058401347,0.05455006384158862,0.29310961012624775,0.26883827064878596
298,0.06348153350404258,0.09291404355151969,0.2793947900959833,0.23169849155343317,0.2433514902437845,0.08915965105123676
299,0.42059252914033474,0.3578521948727726,0.11430048046792333,0.0781616585894893,0.022247456577728263,0.006845680351751686
300,0.11856208921806406,0.030130399349059242,0.12441461617869227,0.2376758331343436,0.22348479955961292,0.26573226256022775
301,0.26122329235315556,0.1695040439593786,0.1101508685623347,0.10676137599384115,0.3228090642121186,0.029551354919171463
302,0.0034098328225758783,0.03669588839018976,0.5667009028164445,0.176189514877495,0.17896145712310235,0.03804240397019353
303,0.06167406277014453,0.026032332176913493,0.14944812485858766,0.11015299513302701,0.3945580948878673,0.2581343901734599
304,0.04709501121985912,0.2983216281745257,0.03484338113809002,0.12483817789915909,0.34414051144219754,0.15076129012616854
305,0.11084192593183441,0.24452851095204883,0.13090506020430723,0.14286332090015927,0.03351542629225696,0.33734575571939357
306,0.028936189235274908,0.03848604670474408,0.29094174566787895,0.029082037498747767,0.2559015403924956,0.3566524405008588
307,0.1513398366560458,0.12237354069919772,0.07509858892882613,0.16459566535420767,0.21327532390219717,0.2733170444595257
308,0.5239119502205455,0.12353808046860687,0.12199554400065947,0.03360113973716448,0.10614995703946228,0.09080332853356134
309,0.4900614122991835,0.13692071332120243,0.05134664190762335,0.011676682003000899,0.11834313349220185,0.19165141697678797
310,0.12552710571973397,0.030211958069013677,0.03996183918142958,0.027564481571714972,0.4726319037508818,0.3041027117072258
311,0.03681044177236154,0.2014692350673571,0.022065720721720417,0.17111403107634732,0.2154639802087627,0.3530765911534507
312,0.2282039755537795,0.36714373471763134,0.10367172665799308,0.09222539153036188,0.14750407869319002,0.06125109284704415
313,0.0006120725412179017,0.01575817392881826,0.5592936611812255,0.202083648929827,0.014513668393260869,0.20773877502564952
314,0.9997947609993527,0.00020420233154273398,5.118930467877072e-09,9.67884624681656e-07,6.366527664383258e-08,2.7274605637088673e-13
315,0.0024074777675557116,0.0370383787175505,0.4339619001879546,0.14975238825147547,0.2043368195517181,0.17250303552374538
316,0.013390020127038625,0.012576232922031092,0.34781236787831826,0.0541807505990607,0.1441127059766705,0.4279279224968808
317,0.03830826495705509,0.005704581690327218,0.14640395314858345,0.25392417371124815,0.07814950207762426,0.4775095244151621
318,0.0018562328563807124,0.0006829932585433167,0.6301827527251628,0.17386652754605775,0.0010796047768313827,0.19233188883702426
319,0.2495585253485759,0.15317537655283583,0.04685114603846685,0.24168950218931154,0.2745454046188901,0.03418004525191947
320,0.031167095089956798,0.027415453881514344,0.4732937446012931,0.4334062771136062,0.01174767075803591,0.022969758555593793
321,0.25094772740516585,0.37546022529439166,0.006516495664732031,0.00792767075975711,0.27119065253755237,0.08795722833840085
322,0.10855848699342427,0.49633618062298385,0.016055714980164275,0.13913848428238873,0.20284725145521,0.03706388166582934
323,0.226376894269985,0.4669431733003058,0.03810806906605104,0.012037140565520719,0.2079770312953379,0.04855769150279929
