,0,1,2,3,4
0,0.08425749086214271,0.14438718380985477,0.23108483234323368,0.2675634608143165,0.27270703217045394
1,0.026942174769338696,0.07398137550920943,0.18015646041933459,0.35125992380973786,0.36766006549238117
2,0.008825165041587495,0.04013279821004853,0.16440126831399302,0.3564229110450968,0.4302178573892754
3,0.017262348469784437,0.05008296092775322,0.18190941257471888,0.4028486448844453,0.3478966331432997
4,0.1070094907519057,0.1744361425657866,0.24350740007005894,0.3029137328683792,0.17213323374387096
5,0.05698580530329393,0.11175074691597706,0.25423999788600204,0.31804451595633587,0.2589789339383926
6,0.012477950975825203,0.04838074150452718,0.1489018451584914,0.4266157426513719,0.36362371970978613
7,0.06786872293870447,0.139330536171181,0.3257591076434416,0.24883756602379414,0.21820406722288027
8,0.08320882424345302,0.15506062494428022,0.3795631249155307,0.2588664080907854,0.12330101780595189
9,0.051860958297779036,0.09786260456750552,0.24661685322872198,0.29848414090605624,0.30517544299993915
10,0.07003180008950154,0.12526917674376248,0.2383193763437715,0.33161798140160115,0.23476166542136512
11,0.2178531894027271,0.2966344911087539,0.2988021580854981,0.15919449237451322,0.02751566902850892
12,0.1086756711800398,0.17280051012903416,0.3155664555533729,0.24995224198971314,0.15300512114784165
13,0.08227537249758737,0.15513289163924454,0.29943394491536973,0.32874848625693337,0.13440930469086612
14,0.05156256354786161,0.09614657997505861,0.2120171239134278,0.3188478979823605,0.32142583458129304
15,0.04013043431619656,0.10622887902789067,0.24618070132232767,0.35612540681560784,0.2513345785179787
16,0.07261632321033794,0.12732952982422352,0.23211139962591448,0.3457024500506806,0.22224029728884515
17,0.11543024257279401,0.18329941880424575,0.3045242430423734,0.25892801806633575,0.1378180775142527
18,0.04564255265074568,0.115610693912831,0.2628680874092293,0.3732820287924705,0.20259663723472493
19,0.04128692114426725,0.07152603401460095,0.10775276415169563,0.41732742734973205,0.3621068533397058
20,0.025739898791105005,0.05320138271492224,0.16602066663734724,0.3836832804715519,0.3713547713850751
21,0.030722374388479322,0.08252810131442243,0.21151522729468417,0.3604402335343029,0.3147940634681131
22,0.07280909502989169,0.13949101922848367,0.31267443077268886,0.3093118999172935,0.1657135550516442
23,0.0063800837260931005,0.024953935025553934,0.10857191571152403,0.4242433826450486,0.4358506828917825
24,0.03790230460400364,0.08645713274970486,0.21945819067098768,0.38412745266016973,0.2720549193151357
25,0.1394038650083796,0.21184217410476677,0.2618063555060512,0.2599196708964433,0.12702793448436078
26,0.03301114292969645,0.06642621662485501,0.16563657313543548,0.40629420276790995,0.3286318645421039
27,0.03988206096878412,0.08907507821944327,0.23571969856681174,0.3628293062489021,0.2724938559960605
28,0.10955520336411383,0.18230695624238585,0.31427895595608685,0.2672871513750906,0.12657173306232472
29,0.06763728580755035,0.11951984974386452,0.23346081294144466,0.351493237386303,0.22788881412083875
30,0.08211923366489272,0.13080498444967953,0.23257911128911024,0.30983782288445716,0.24465884771186194
31,0.05857536537807234,0.12389194361044047,0.3036123784114964,0.3519645823336508,0.1619557302663418
32,0.15615196877800214,0.23399785981397392,0.3689651965521762,0.18243664053645764,0.05844833431939182
33,0.17061713716629903,0.24752419602021375,0.2898609978430358,0.22004921671344482,0.07194845225700784
34,0.05406876541004713,0.10707909394218906,0.25184569473530544,0.3311504005341603,0.2558560453782996
35,0.039366357322901835,0.08817915980243236,0.2390324687921441,0.36360143598489225,0.26982057809763105
36,0.14773727332523834,0.22437065638890796,0.2619660246952026,0.2318821858005584,0.13404385979009412
37,0.12873725110971238,0.20149269163495834,0.3409939731526833,0.18600510111757892,0.1427709829850685
38,0.03325327559501003,0.07640431268543917,0.18063145445586687,0.37285171881652984,0.336859238447156
39,0.10713825845262347,0.1783160290216078,0.30417610718520344,0.24332453076523738,0.16704507457532958
40,0.03903195236156494,0.10199311649557319,0.24173068661940278,0.3334372427420526,0.28380700178140805
41,0.04068784678708038,0.098004703491525,0.24326441338604854,0.38070703140824147,0.2373360049271063
42,0.023221466950624593,0.06392965731341128,0.13001539099047102,0.3839150619288287,0.3989184228166657
43,0.04545674059225465,0.08641883040800415,0.23833595755919965,0.3307958093255632,0.2989926621149799
44,0.009683178110116502,0.03298177538888128,0.09504935557065114,0.42441034357649027,0.437875347353862
45,0.02429060449439209,0.0521461855359353,0.1187859497835453,0.4150841457318873,0.3896931144542421
46,0.07727758928881229,0.15071175370682255,0.3515731602349501,0.2956545811746899,0.12478291559472669
47,0.1981562219165225,0.2770143344205821,0.3471668403127527,0.1499436591258269,0.027718944224317445
48,0.24866131217772802,0.3279312681137102,0.2591940685711427,0.1507609110049085,0.013452440132512108
49,0.0567078562295431,0.11371578183296631,0.22187441688602752,0.3492692332391005,0.25843271181236427
50,0.13523107055232056,0.20717820335688478,0.2847638473992894,0.2759013928910257,0.09692548580048121
51,0.18422357750219373,0.2624592975090386,0.3103463365616818,0.1667751960000924,0.07619559242699502
52,0.01695782115957735,0.05849957833706002,0.22156587587976007,0.3882395490844054,0.3147371755391988
53,0.009465734437328939,0.027304872679843196,0.0789668482495555,0.43739328787882203,0.44686925675445155
54,0.049595045189440384,0.09980882378930524,0.21397354878494435,0.2911046296840442,0.3455179525522676
55,0.09881018337738223,0.16622734064039635,0.27731570688610446,0.3139090311214117,0.1437377379747073
56,0.19242347913546004,0.27061238673665694,0.342296324497145,0.15643561751384485,0.0382321921168948
57,0.08323297870826417,0.14058372813461503,0.24191076468594033,0.33218382888684517,0.20208869958433692
58,0.0400311870547719,0.09542389486106936,0.27742522298491307,0.344874680766333,0.24224501433291393
59,0.06664832289836799,0.12199516282669177,0.2811496399541645,0.259260208495637,0.2709466658251405
60,0.027447767731419468,0.06992393133795732,0.1882936989591626,0.3780021853329595,0.336332416638503
61,0.22551992251504052,0.30254120003385515,0.2662121450629878,0.16634285736126392,0.03938387502685426
62,0.01698820997119889,0.06148330036072921,0.15745413057552773,0.35916721281202346,0.4049071462805229
63,0.006882039694304621,0.027953003692958386,0.14952903258246564,0.39840638251894434,0.417229541511329
64,0.08270807644164688,0.15312918318085142,0.27863384851398143,0.2803853435081282,0.20514354835539353
65,0.03317760574989049,0.08022226380992327,0.18985841526933328,0.3381183991096466,0.35862331606120834
66,0.16752539226756905,0.24496071036148231,0.3831118603599576,0.15803839163628564,0.04636364537470717
67,0.06617641026000942,0.1370099613058669,0.36117133657863126,0.22555202995489115,0.21009026190060284
68,0.03838414997489935,0.09005753707854032,0.22263406766568786,0.33890522213964663,0.3100190231412276
69,0.05251705133517582,0.10388320344671789,0.21247656840465862,0.33067968436577905,0.30044349244767016
70,0.04006066573565297,0.0950596715424678,0.2282849278138401,0.3324418689706616,0.30415286593737884
71,0.0863206506250031,0.15185037528661177,0.3751281529223458,0.2413127751102151,0.14538804605582595
72,0.032879328232292525,0.08734544114249664,0.2548197705486137,0.3552949803348412,0.26966047974175783
73,0.06496790621451994,0.13559931439496298,0.269835659366577,0.3640377320300046,0.16555938799393735
74,0.06795861277103792,0.1285129571671297,0.24844970537467206,0.3549077161859152,0.20017100850124686
75,0.06679698983968128,0.13550315671885785,0.29403517133108414,0.2900704765756454,0.21359420553473307
76,0.05900610629035933,0.10810953425797741,0.20742466014821886,0.3430867561529356,0.2823729431505104
77,0.05756679327641399,0.12417006657657823,0.22655083059841039,0.3418326308401188,0.24987967870848052
78,0.019903282236870313,0.06833930600415859,0.15827751114227617,0.34258034158357326,0.4108995590331237
79,0.02289314101972625,0.052542220200240075,0.1750978296246475,0.3958901776303979,0.35357663152498975
80,0.010433423328898583,0.034855283804499995,0.14721083589381742,0.3808685879924846,0.4266318689803005
81,0.04207833758661907,0.08758702108015647,0.19105567119626965,0.3511508491117739,0.32812812102518274
82,0.038098132451720786,0.08476436461646332,0.19555534861360208,0.3499363746314519,0.33164577968676384
83,0.021331997445441286,0.061796040965431294,0.1341737831338197,0.4040879281423556,0.3786102503129539
84,0.022701946861822576,0.05427877125774486,0.17847473533805847,0.37816321840197104,0.3663813281404044
85,0.09269527801414784,0.14832569396821546,0.2316000388692481,0.2639808712302024,0.26339811791818746
86,0.012989773095970302,0.047458500128236616,0.18245924240862957,0.34488238226522594,0.41221010210193887
87,0.026004607502707822,0.0707228855214348,0.20051996989475449,0.3759533901111143,0.3267991469699899
88,0.022285801979521822,0.07820635881768027,0.2256530867219164,0.3849360844587064,0.28891866802217653
89,0.0203540708801845,0.06325275687398935,0.16425343010101368,0.3867000925617796,0.36543964958303443
90,0.01540952892869134,0.0361436229403982,0.11699868040994718,0.40825294888701236,0.4231952188339525
91,0.021617842767936348,0.06397448709946163,0.21706190326813796,0.40146785259978357,0.29587791426468246
92,0.031865035243065054,0.06712526498281386,0.18178399429213896,0.3552011960889274,0.3640245093930567
93,0.032977397621923144,0.07621112661903627,0.19834577650810872,0.36988103820146706,0.32258466104946637
94,0.0632888421332186,0.1208764712291646,0.24734538162709616,0.2981071128849618,0.2703821921255598
95,0.028657293258998618,0.0684077844123137,0.214293316392872,0.362224873609109,0.32641673232670865
96,0.0924946433789403,0.14681591518047377,0.25947797506984777,0.2940141289481822,0.2071973374225579
97,0.022601095506534816,0.062914527811554,0.19833434555417045,0.3857567016165457,0.3303933295111966
98,0.02838082344508867,0.06651918248347563,0.19107107976200444,0.4009330858660416,0.31309582844339107
99,0.022662817004241224,0.06323756282783208,0.17133677093551364,0.3774931069605303,0.36526974227188425
100,0.06294967174915128,0.11216111921254115,0.22798997943747845,0.3131287463775658,0.2837704832232647
101,0.013047498117290161,0.03755807206637961,0.16109681324541372,0.3999411045695955,0.3883565120013229
102,0.09778866006094634,0.15806733387859376,0.2572284078305558,0.31230371673282165,0.1746118814970839
103,0.040687221629019894,0.08936541651768218,0.2220261367708941,0.3556660934226994,0.2922551316597059
104,0.066453188271273,0.13306310622236017,0.23736202473302292,0.38646008803382265,0.17666159273952214
105,0.12473418910764969,0.18466010982315523,0.25631826922158396,0.26873666569324295,0.16555076615436962
106,0.04471853866623886,0.07668155202451069,0.1558571575947837,0.3803598444080065,0.3423829073064618
107,0.05070157683038486,0.10435252124076726,0.25396685368653993,0.3187729467720052,0.2722061014703039
108,0.054566685519083766,0.10334262495458421,0.19018820936667116,0.3619335509215586,0.2899689292381038
109,0.13154200711680147,0.20796542409809918,0.3279973820918823,0.21826891494675965,0.11422627174645864
110,0.06309652009228654,0.1284710860429843,0.31945385667311554,0.27513603647835133,0.21384250071326388
111,0.10780461454979336,0.1722764159563597,0.27565646895646173,0.2625414619043649,0.18172103863302191
112,0.031652207919601376,0.07525225181854601,0.20878764457548776,0.3260300147409499,0.3582778809454166
113,0.11092909402041441,0.18283069843450941,0.36113328468441086,0.23178148094196913,0.11332544191869764
114,0.07342629904332787,0.13332213374711896,0.3114013331291082,0.25553939225797156,0.2263108418224752
115,0.07151589807706547,0.1423152015522996,0.33205009952630543,0.26708487020786054,0.1870339306364703
116,0.08897230350256131,0.15456890991912636,0.29336793578163034,0.30683156793413924,0.15625928286254426
117,0.14013851334960278,0.2143624455257993,0.2620683904628807,0.22234765315439095,0.16108299750732796
118,0.0481949477154688,0.11414139437134842,0.2699537019731528,0.313793780209385,0.2539161757306464
119,0.05889816583494145,0.11446184241348727,0.2261609418585724,0.36555025039549094,0.23492879949750956
120,0.020038503588648157,0.05988903868657099,0.16751959481289225,0.379393202319831,0.3731596605920595
121,0.19270242655722894,0.27112427933463246,0.3130753200546346,0.1693922530738873,0.053705720979618
122,0.04008604239323969,0.0904819202114739,0.220912045084791,0.3843821684805073,0.26413782382998974
123,0.06847462115710247,0.1232822520379114,0.24043395848073112,0.30558633528094237,0.2622228330433146
124,0.12557983887080545,0.20074324545614886,0.3194491635601875,0.2616205751896785,0.09260717692318148
125,0.0898419829881391,0.1373913636813433,0.21061336224520366,0.31636684330790693,0.24578644777740846
126,0.2058215040410138,0.28359478309277436,0.3017640305466646,0.16573089591772625,0.043088786401822586
127,0.0781619770300886,0.144719883390862,0.2368124235454678,0.2924620365586337,0.24784367947494934
128,0.036680739957116994,0.08526363107041873,0.19866371864171334,0.3627070243059725,0.31668488602477934
129,0.162192023572537,0.23567433925152054,0.2900797291972256,0.20227939087122793,0.10977451710749021
130,0.19510594811406295,0.2717734949145518,0.28823041707795877,0.1861569356462731,0.05873320424715414
131,0.0448699050709095,0.08737413844895345,0.19214355799441804,0.35547067130894605,0.32014172717677447
132,0.1721779144966849,0.24804650416398097,0.2744185122544066,0.21158819878169996,0.09376887030322906
133,0.011916279994900778,0.05193189247872464,0.19396836474586415,0.3741811605938515,0.36800230218666063
134,0.18023037360250344,0.2503670218901031,0.23147313147575346,0.20654593775964114,0.13138353527200036
135,0.16422602333894373,0.23721189349213156,0.3155860183548569,0.2057363606342298,0.07723970417983966
136,0.012239918829725988,0.043205762733423504,0.11606112841200128,0.3952004795893364,0.4332927104355145
137,0.06439651422178999,0.1281566034334233,0.27661346153790023,0.38626546789365557,0.14456795291323057
138,0.029664095588146484,0.06014675530634032,0.2126008412246997,0.44762917455782353,0.2499591333229898
139,0.01234395606936143,0.04282427642515081,0.14073556566676487,0.4760899459425713,0.32800625589615073
140,0.011785093860843783,0.045827982626439875,0.15402404245896387,0.4798262473254461,0.30853663372830675
141,0.016066697272827758,0.0836909286057918,0.21220600710688495,0.48428710864826435,0.20374925836623142
142,0.06565208333981892,0.14318276317915424,0.41874737556556574,0.33543732640613233,0.03698045150932871
143,0.11070920616855291,0.11542991010114993,0.39453897271935734,0.3291125991683514,0.050209311842588915
144,0.07107057017419577,0.21965051039692965,0.3996830075238727,0.274125097252002,0.03547081465299962
145,0.09407883630554457,0.2309348811321076,0.38823589923452767,0.25303215134631546,0.03371823198150445
146,0.04153764636625663,0.12124099784414448,0.33256006590614784,0.37015626858241446,0.13450502130103664
147,0.008692750271451756,0.05104090570793456,0.23723076011839178,0.4775949688400691,0.2254406150621525
148,0.032882470574705336,0.08593261731649872,0.29597156059158164,0.4060458586080205,0.1791674929091936
149,0.14829714756680587,0.20498808911109648,0.3391595278426996,0.23906260878713664,0.06849262669226122
150,0.09477429680026375,0.13681223304827292,0.36907119461311394,0.31881929885648225,0.08052297668186717
151,0.027706236057576147,0.06384057148100239,0.314377484835544,0.44721226274755216,0.14686344487832506
152,0.058954102016312605,0.10187754948165928,0.3153390380711426,0.4030815644635534,0.12074774596733227
153,0.17780982189763236,0.15608904001295337,0.3116097634699388,0.26936241449136566,0.08512896012810976
154,0.08597970699559061,0.18000034289567543,0.35389374642615634,0.3005103605097032,0.07961584317287433
155,0.011524683716166665,0.04468388093339043,0.1480080469352619,0.479046868491609,0.31673651992357094
156,0.33008264725828296,0.1955197724165958,0.333718068904166,0.13407071843372,0.006608792987235093
157,0.010798263799727521,0.0546543229820612,0.22045085468666759,0.46116040003686803,0.2529361584946754
158,0.010799703601843872,0.04008830145699046,0.18139591254926044,0.5112424048403504,0.2564736775515546
159,0.07646657550537615,0.16336138497074215,0.33500359067230323,0.2617011876445245,0.16346726120705307
160,0.21916766218133088,0.22532445382543648,0.26589680446272373,0.1977612315322533,0.09184984799825523
161,0.014849839400655734,0.05249172570267496,0.10533073545666692,0.4493218817335006,0.37800581770650166
162,0.14142979349519325,0.17097763671210342,0.25923494678101755,0.2892368221999826,0.13912080081170253
163,0.17811737776900408,0.22113668365924785,0.30750908966120544,0.1879669320070628,0.10526991690347948
164,0.05379046417333616,0.09371948803959562,0.18851533008639468,0.3636959699272365,0.30027874777343655
165,0.07147463627711488,0.11489681454475405,0.22254761390558594,0.3365869905693202,0.2544939447032248
166,0.01079856917967749,0.04061544575328211,0.08231046674569284,0.4725056727352934,0.39376984558605405
167,0.12667526186492536,0.2001445100234268,0.3546680963253798,0.2218813795906177,0.09663075219564968
168,0.1076881103310735,0.1651395813106307,0.28146511069235897,0.2685876608913085,0.17711953677462816
169,0.0907140147843367,0.14025497090841815,0.2555871820383934,0.3171009954346887,0.1963428368341627
170,0.10828646314627614,0.13502558710382484,0.19871194089439406,0.3027375525324252,0.25523845632307945
171,0.17084010837895078,0.20285244991307358,0.2701226533898574,0.21337981241593904,0.14280497590217897
172,0.044079689093627354,0.11820747099350086,0.2805830457001638,0.357485468391209,0.19964432582149902
173,0.03092369813834716,0.09865572356927055,0.26216796155054806,0.3883296138104898,0.2199230029313443
174,0.0834386801857564,0.14840118780974018,0.2633842794984229,0.2417316380589784,0.2630442144471018
175,0.18166540793900657,0.21076732023785585,0.2989411243502463,0.21873178051283293,0.08989436696005804
176,0.11728147111491878,0.15468783699427774,0.24425098413583504,0.3017161065803377,0.18206360117463036
177,0.1356354635843755,0.1996072175269347,0.3348049821792428,0.21395435128441892,0.11599798542502777
178,0.10578384008556209,0.1902965951529626,0.34399715804534703,0.1991072682969973,0.1608151384191301
179,0.10005695212961416,0.1332623184880511,0.2033401274064568,0.32271128974468355,0.24062931223119383
180,0.10379114999162113,0.15416977644013172,0.28101120137625085,0.31522536134122137,0.14580251085077456
181,0.17779649573432643,0.21184599558313755,0.29335962599679133,0.20486151720140378,0.1121363654843405
182,0.14380914347427143,0.16903234889745755,0.2376939070116448,0.27810801173835814,0.17135658887826777
183,0.12332826664293348,0.2028173379974546,0.34054242326410245,0.16850731587733261,0.16480465621817642
184,0.07423454020647217,0.1196819812621657,0.22341071299899087,0.3200544837433439,0.2626182817890271
185,0.0074157434472500875,0.03041244322292962,0.10079471188834457,0.3299952395973953,0.5313818618440802
186,0.1462570438463108,0.319412854711211,0.2667167505307705,0.19130512239367917,0.07630822851802799
187,0.12739210591646816,0.2935861741830321,0.24187480552119836,0.2151313222976061,0.12201559208169556
188,0.051973510034329505,0.13980845985966148,0.17592136664241192,0.33359908868903654,0.2986975747745609
189,0.09131060674658965,0.19848241091150992,0.22913445433986965,0.2919263034631641,0.18914622453886681
190,0.024126403691577397,0.08058583462750027,0.15743201134603185,0.369344360894758,0.3685113894401327
191,0.059327607498320105,0.10056998541083577,0.26488575041078377,0.22763516482896085,0.3475814918510999
192,0.0668834765428611,0.13199771378641065,0.2577778980214819,0.278110894807634,0.26523001684161274
193,0.008362619786381047,0.03270252126979687,0.0828061308835859,0.36177211795855857,0.5143566101016777
194,0.07028473361136377,0.20137445123368194,0.19725825778576794,0.179343133463202,0.35173942390598456
195,0.026241906797894354,0.07086466894414103,0.19705154882866346,0.3676741122043786,0.33816776322492215
196,0.10852041914021256,0.1756686241657833,0.3564340852955465,0.20559333723613085,0.1537835341623267
197,0.0979657197734382,0.17800309076425666,0.23989436917431542,0.3058860156386101,0.1782508046493791
198,0.06594941859355537,0.13073178356709172,0.3264480191418766,0.253815190654315,0.2230555880431611
199,0.11471202761357245,0.19160663539169992,0.32087722602834634,0.2564457599904076,0.11635835097597363
200,0.03729907714176948,0.08390096035448619,0.2002064079223892,0.34827332046214354,0.33032023411921146
201,0.07017288315056157,0.1342137225330839,0.3109710803568015,0.31404860854695743,0.1705937054125959
202,0.03022197683056911,0.0679826503863683,0.17093120652180196,0.3891313192725423,0.3417328469887173
203,0.011894237312954633,0.03538879355272786,0.16704166160769424,0.38101933663046256,0.40465597089616046
204,0.15587753352969091,0.255036859176996,0.28928332496052683,0.22599855745271374,0.07380372488007202
205,0.013390073029490968,0.04450708457286319,0.17880729956060165,0.36567627543369824,0.39761926740334635
206,0.09980532510337706,0.17737972092674603,0.3057399517529978,0.24668437476398136,0.17039062745289757
207,0.10519843316269595,0.18692923164892844,0.28379440437082926,0.3084964107488713,0.11558152006867495
208,0.009047116696152163,0.030658465709842195,0.09800006446879414,0.40212286179873596,0.460171491326475
209,0.022796424226295783,0.05020107734841238,0.12071721048476572,0.39605574141813177,0.41022954652239485
210,0.0755353488376054,0.1428673070935284,0.348000858972444,0.3055852005084458,0.12801128458797623
211,0.06517846410677221,0.12287013510237917,0.2660297478231538,0.3087996554159565,0.23712199755173813
212,0.1761152502893245,0.2728351022559372,0.3330133892147572,0.1643986256732981,0.0536376325666826
213,0.10476667345574754,0.1630912876430825,0.4770189485854634,0.1740321742772006,0.08109091603850564
214,0.030559301555047737,0.07847821256549829,0.19367933272470716,0.3270928950011998,0.3701902581535472
215,0.03021128931678671,0.07569990162690367,0.1957951582397612,0.38956990345634784,0.3087237473602004
216,0.03225735457782195,0.08073963428662947,0.22591703649332698,0.3605660094598043,0.30051996518241725
217,0.0371352499729552,0.09383980005125057,0.23092877368544915,0.32660348593637556,0.311492690353969
218,0.09847737246658793,0.16318991461436158,0.41946412970408237,0.22814769067238794,0.09072089254257955
219,0.01563203382764298,0.06077666511911738,0.22562635189959973,0.30671724747311824,0.3912477016805215
220,0.021721670530968882,0.05745168988800486,0.17708554291001927,0.39086639262320344,0.3528747040478042
221,0.0118196623331216,0.04608634324292889,0.19461186257149354,0.3239968319480258,0.4234852999044296
222,0.02778524437352378,0.06322316449840774,0.19287527182731032,0.38872833807765234,0.3273879812231056
223,0.024170852147092383,0.07268046085062646,0.18045583029971804,0.38996774769333886,0.3327251090092246
224,0.09092578146974147,0.15877557213397187,0.2564972905079742,0.3117527570347176,0.18204859885359456
225,0.11500934966351234,0.18747171361103068,0.258914167663518,0.26565997974393524,0.17294478931800347
226,0.04854273634365634,0.10018575485300207,0.2572842419563878,0.3132049611896192,0.280782305657334
227,0.12264477807587693,0.20718435469807137,0.3285164889361923,0.2250521607960056,0.1166022174938533
228,0.10027810857427695,0.17184932909734227,0.2771050718843445,0.26253719774394885,0.18823029270008718
229,0.07147942270061346,0.12472039908759369,0.3161843470357898,0.2534416516410951,0.23417417953490793
230,0.15908241158088282,0.2496763768834186,0.35186179301477255,0.18367809757046943,0.05570132095045638
231,0.028630622636029297,0.0808617777198933,0.21993925292796795,0.3557852163183017,0.314783130397808
232,0.054314387918173834,0.11594233649027232,0.22504522170707358,0.3624828278358536,0.24221522604862644
233,0.1766560647572137,0.27786596107272493,0.3156378743369438,0.17463592160455849,0.05520417822855864
234,0.14847265460195985,0.2413985605755052,0.2927530386122475,0.2048776240968677,0.1124981221134191
235,0.15160461847235468,0.24094879721252005,0.31840069136734467,0.2093164338079542,0.0797294591398264
236,0.1759757081501506,0.27398269108633044,0.3308472098231216,0.1801582521566248,0.03903613878377202
237,0.1262694838338762,0.22207462249403273,0.26312833706151784,0.22603972021645913,0.162487836394114
238,0.15715152149571884,0.25484746206890185,0.28799898155693293,0.21722777472971164,0.0827742601487343
239,0.10679628005726047,0.17300056367992722,0.3945218058183615,0.20408723946918655,0.12159411097526406
240,0.06204957539752463,0.12721144593603997,0.2387885224691875,0.35630807203220627,0.2156423841650414
241,0.10537853024490106,0.16307811325930197,0.4819560436055195,0.16877872156560542,0.08080859132467154
242,0.18185068945064026,0.28703411470784485,0.29621001778429656,0.18273874103767124,0.052166437019546694
243,0.1293785921601556,0.21099373409659616,0.3201551425030043,0.23312117459720472,0.10635135664303888
244,0.05842783080847518,0.12279272711000987,0.30004693550192035,0.23913517662875283,0.2795973299508418
245,0.15337640994560697,0.24075134609550752,0.36208834066630297,0.17731087089034994,0.06647303240223236
246,0.04228902905929913,0.10439259944980503,0.1973550465935506,0.36691284705045374,0.2890504778468916
247,0.17168242682829699,0.2638140238202181,0.3668958035016559,0.16235503062188517,0.035252715227943765
248,0.05186518003259736,0.11136882431559507,0.25565782346182075,0.32469447646369715,0.2564136957262896
249,0.16792456401162556,0.26643336596046285,0.31468076915060583,0.1834535012673823,0.06750779960992302
250,0.0652611833817934,0.1271124745730394,0.28760357187618824,0.3087189852530573,0.21130378491592122
251,0.08801214988729694,0.15553867698688045,0.3109939311715712,0.2943185514391156,0.15113669051513537
252,0.11728618190627606,0.1964113694914696,0.35695956687688835,0.2316554142935505,0.09768746743181518
253,0.16126676901426132,0.2612840431478653,0.2674128269499358,0.20312052598842018,0.1069158348995172
254,0.06383187764510374,0.14134892126914897,0.23265688316593855,0.299683725408718,0.2624785925110903
255,0.057264965578521704,0.11133447191875939,0.284678879467583,0.3188796148482325,0.22784206818690295
256,0.18073926526397147,0.28290311824231507,0.31269948611721454,0.17245204257231667,0.05120608780418185
257,0.10410329425877167,0.18156655002531738,0.29395788741773515,0.2709675642039773,0.1494047040941986
258,0.12437651252722846,0.2049593706887364,0.3359192683862451,0.22790228066881432,0.10684256772897519
259,0.17291434848032927,0.2779720316815664,0.2556529526401511,0.22534411892819636,0.06811654826975683
260,0.0931018086717979,0.1706188183545606,0.30602920922165655,0.27895293358396245,0.15129723016802227
261,0.037264705177890406,0.09203148593136742,0.2443454770194532,0.3683945281791677,0.25796380369212096
262,0.046160517772640235,0.10656161698947555,0.20993790248503652,0.3205544231086062,0.3167855396442412
263,0.1257056738784221,0.20096261376087438,0.3957316284689907,0.2020702894928444,0.07552979439886827
264,0.03850836055876418,0.0771157154527404,0.20265053511598613,0.3314279467455368,0.35029744212697267
265,0.22693565233481106,0.35020016355373956,0.25590064087466213,0.15354614091021207,0.013417402326575036
266,0.14215731895311282,0.23372755517750843,0.25438178439670356,0.22021526986885945,0.14951807160381567
267,0.04082532731098044,0.07849214920251879,0.23934304325898564,0.30897383357059305,0.33236564665692203
268,0.025682356603753377,0.06696238902515124,0.19267716191328085,0.37359696098765016,0.3410811314701645
269,0.046638132446648474,0.08698410336227998,0.2592170998621769,0.3028815356037653,0.3042791287251296
270,0.02332564841257268,0.057845584712864655,0.22031880513171503,0.32832498807301447,0.37018497366983294
271,0.060133131366264435,0.11028852762004776,0.3098883813033789,0.278808002053436,0.2408819576568727
272,0.22724491495632365,0.3506928957552393,0.25521207222637166,0.1535311458501236,0.013318971211941569
273,0.1405471413692638,0.22984194091439344,0.32938840383749646,0.22243851516054058,0.0777839987183051
274,0.15005001620444794,0.23604285225112195,0.3589269039592886,0.18896551950589158,0.0660147080792498
275,0.02688431800704742,0.07733490404885107,0.23720280882573871,0.390748392882188,0.2678295762361745
276,0.1965087794838995,0.30377071145897216,0.3095911902322435,0.15924499299710468,0.03088432582777967
277,0.14757684599988669,0.25083375998849466,0.2485476686227483,0.19011451548961314,0.1629272098992569
278,0.22415306050769349,0.3461207078555259,0.25864424237625006,0.15519795734367192,0.015884031916858013
279,0.006589775293265033,0.04579106119854911,0.27908808957012826,0.3717854128017376,0.29674566113632006
280,0.018451643646803528,0.07151345286755205,0.29706630904725806,0.35770848388998483,0.2552601105484019
281,0.013810936822702987,0.04614478034164364,0.245665328930873,0.3449499607653736,0.3494289931394069
282,0.0054493497061548594,0.03661807319001247,0.23505807448927382,0.3727370312580753,0.3501374713564839
283,0.01071041616215651,0.05235646248467071,0.3022857190432136,0.3649648516807304,0.26968255062922863
284,0.01625044894405799,0.07025767770196667,0.30996678155996854,0.3856004453517516,0.2179246464422554
285,0.025133846064257077,0.06469878742358331,0.15724310333982458,0.30290977870025615,0.45001448447207903
286,0.014008426958826472,0.047543633913449214,0.2523181125726298,0.3350931323363186,0.3510366942187754
287,0.0184266003941008,0.06497726666305086,0.27149169642148696,0.3556710702041117,0.28943336631724886
288,0.016180565568511593,0.07482131474260245,0.3300034952758453,0.379828147726004,0.19916647668703677
289,0.023929188774758612,0.09101286268354901,0.347157083105364,0.36672687956199446,0.17117398587433394
290,0.01610653084306199,0.0602915224528311,0.26819381577122436,0.356433147481378,0.29897498345150486
291,0.005924862663128194,0.03710096712520366,0.27262571777802386,0.3603739611929502,0.3239744912406946
292,0.011479565674425278,0.05883162347230582,0.33767851817929795,0.3891273018783796,0.20288299079559174
293,0.006295541574812705,0.024287284137646935,0.1470660051544649,0.321353106817154,0.500998062315921
294,0.013369573657575068,0.044202756972434275,0.1666133214279226,0.3185380224691606,0.4572763254729082
295,0.02408358499920606,0.07548641800939963,0.3073511465794586,0.335751458202592,0.2573273922093441
296,0.009046024230552542,0.040110268248631266,0.23251555371575733,0.33491711875943414,0.3834110350456247
297,0.013070160908948313,0.07801176350257973,0.37632966604932644,0.4005251430425269,0.1320632664966183
298,0.014713091058748596,0.0713502025200233,0.31329415339850614,0.37865438165675797,0.22198817136596416
299,0.01808595455904496,0.06325162232404093,0.2939058884029736,0.3559053295098357,0.2688512052041049
300,0.003928188337145795,0.03077951434681446,0.26542176610253604,0.35652634551921114,0.34334418569429315
301,0.012800740046382252,0.060718859931433715,0.2729640681563377,0.35545715953150575,0.29805917233434065
302,0.008669820730958176,0.04579280395297281,0.3125635957290511,0.3796439361064593,0.25332984348055876
303,0.016659879699786086,0.0587894330834155,0.30174004428666684,0.36195321881670467,0.26085742411342727
304,0.02763735762523708,0.08609856487061857,0.33378395154673207,0.3596395259503425,0.19284060000706996
305,0.018920050468596086,0.07274035071367234,0.359627288930125,0.38777346035549054,0.16093884953211582
306,0.012123641395355962,0.05057207296066933,0.26820764521994805,0.350616863567957,0.3184797768560696
307,0.021445830173233565,0.07099750997944887,0.2887125326415868,0.3512090320705917,0.2676350951351394
308,0.011605402915863275,0.041795695540326604,0.2104203125540714,0.3529319447362579,0.38324664425348104
309,0.010090772206611158,0.049098759000397486,0.27067416616698825,0.35207258989715123,0.3180637127288519
310,0.007916330373251722,0.030533726695149664,0.24830826271957496,0.3634303105103563,0.34981136970166754
311,0.007843473340435853,0.055841671734194416,0.35884467072113624,0.4258082322288612,0.15166195197537216
312,0.009205593779331896,0.04317550417648053,0.2521784176491436,0.36728978359970454,0.32815070079533964
313,0.006985015462549835,0.05562314072047619,0.32554217486444376,0.3996646445462875,0.2121850244062432
314,0.007184589571465889,0.04744516052492111,0.2885955969126795,0.3820527072899898,0.27472194570094405
315,0.008300664701446395,0.04358656459146482,0.24968200234206492,0.35211387813279227,0.3463168902322314
316,0.008132118571065395,0.030726213544307428,0.18433160217749622,0.3330780178655654,0.4437320478415657
317,0.010283248681051481,0.05560000352265279,0.32419355719135157,0.4019726238680394,0.20795056673690468
318,0.010446887204527609,0.044968467650759646,0.28425913461696,0.35826171382883076,0.3020637966989221
319,0.008267900824599137,0.05139477884203481,0.2912946660337732,0.3763776567697635,0.27266499752982937
320,0.011139482020722031,0.05786370137771178,0.2592316180143983,0.3611327574168913,0.31063244117027655
321,0.01162024086415755,0.05397357542365917,0.282263274384411,0.3862150751955003,0.2659278341322728
322,0.00589173896112914,0.038558385170364425,0.26043185922422285,0.35475537667227075,0.340362639972013
323,0.024100724393838802,0.07189423271380307,0.21644472121070207,0.31149361805185966,0.3760667036297966
324,0.011143799141887338,0.0544715058766863,0.25266830880090474,0.3753185520217805,0.30639783415874083
325,0.019790633394244975,0.078999990366329,0.3554563771853176,0.3988660859761622,0.14688691307794643
326,0.014694725559314564,0.062117836620558184,0.2512252421566402,0.3514784577000452,0.32048373796344126
327,0.011905314268735938,0.04982035181457796,0.2757683241290705,0.3726640614316959,0.2898419483559194
328,0.009498502855295207,0.04247729586090329,0.24900853651131624,0.3436811661273295,0.35533449864515554
329,0.029179705220901422,0.08729014048494571,0.29801139486364125,0.3421239520307991,0.24339480739971325
330,0.05655739080087407,0.1551872825940509,0.37528824762823537,0.3265212372753006,0.08644584170153989
331,0.039353119193791995,0.1043014207051786,0.2704752234896883,0.30577633268418025,0.28009390392716055
332,0.060692691308772674,0.1631262832326578,0.356629744884915,0.31735390551985515,0.10219737505379918
333,0.005166301388161237,0.039542752913130114,0.253922979790475,0.3798003335418799,0.3215676323663537
334,0.046296976747032946,0.1362717785332462,0.3571889288960932,0.3468898802325386,0.11335243559108915
335,0.01736346941372895,0.09168423034707683,0.39183373068498845,0.39843839605751685,0.10068017349668906
336,0.005923599389583591,0.02167118438774205,0.1602194566101243,0.3226728147067981,0.4895129449057523
337,0.0066694680223719225,0.024444492681771,0.15340605661641246,0.3280980914540807,0.48738189122536374
338,0.020124942552263117,0.07007601141135003,0.2839397323786383,0.3376657545501099,0.2881935591076391
339,0.019636003846550395,0.06715367257970417,0.257869882721922,0.3318309453375147,0.3235094955143085
340,0.02460719981336931,0.12380009296444673,0.43390886565147163,0.37230018893813605,0.045383652632576654
341,0.010507894093363513,0.04955057272385727,0.24059633210013026,0.3734072147564882,0.3259379863261611
342,0.019478519683626693,0.06997454447067684,0.3327710357800235,0.3538051394074518,0.22397076065822114
343,0.01024286249093411,0.062370299296339825,0.351853943290119,0.43453881002655903,0.140994084896048
344,0.012250976374139542,0.06893139170526512,0.3555172753532317,0.3840874235360026,0.17921293303136127
345,0.012155682910372891,0.062409619595928306,0.3258413981982369,0.4127254712776928,0.1868678280177691
346,0.0158804561116651,0.06816706430453937,0.3017451023736325,0.4013787244814115,0.21282865272875098
347,0.011263534070121768,0.07478586520553843,0.37349065629137895,0.4301154682153065,0.11034447621765484
348,0.01945037616354017,0.07134014678994063,0.3350838636902023,0.3611753116423344,0.21295030171398252
349,0.06499880961025516,0.18213884988932733,0.3883678272402369,0.2894091660134925,0.07508534724668847
350,0.05913850609582748,0.1587549979136626,0.35699692787572346,0.3154393691763769,0.10967019893840975
351,0.005885129556572069,0.03584369367558871,0.24334328034509295,0.35671563538365975,0.3582122610390865
352,0.004251049653735388,0.029125486341148775,0.22767881997613176,0.34979153580559386,0.3891531082233904
353,0.005997817063221091,0.03295646244027386,0.29130221097713044,0.3703811724225207,0.2993623370968537
354,0.012229909515548835,0.054788170400538024,0.3097301667904682,0.3615013624218776,0.2617503908715676
355,0.004082958097816539,0.03265296599792375,0.3456280033511316,0.3823764689475423,0.23525960360558637
356,0.004579570784339244,0.03527571129091229,0.2817149296332535,0.37451060878624054,0.30391917950525427
357,0.012108103999571521,0.06481773227730402,0.2931469046584698,0.3949448808930546,0.23498237817160028
358,0.006399292620244936,0.036213308884528464,0.28781407739427234,0.37367707920250287,0.29589624189845165
359,0.004927254226343866,0.024416817080232436,0.1738249266541085,0.33014369652904374,0.4666873055102718
360,0.010943068830958356,0.06552665030027877,0.34242903429921234,0.41205731433200854,0.16904393223754213
361,0.004885840254194676,0.03636185333181739,0.23292523359923045,0.36081801927925305,0.3650090535355048
362,0.0038962254570213428,0.0413706563089975,0.3082839143104544,0.41428208831775865,0.2321671156057682
363,0.011047723635848904,0.05554525425569587,0.2853253377111866,0.3703201485559775,0.27776153584129143
364,0.008681948908999235,0.054980669028986066,0.3085910085495762,0.3959258266058055,0.23182054690663298
365,0.019205063010593083,0.07798352923868156,0.3581247266720909,0.40708510847411444,0.1376015726045202
366,0.014862697693067676,0.06011174512102876,0.27845957985092873,0.3719028040715561,0.27466317326341894
367,0.006488141467806379,0.02951250244778975,0.2130431281858095,0.3491843496033371,0.40177187829525707
368,0.00618451307917745,0.02189231321121108,0.14180778898800855,0.3165819096369193,0.5135334750846842
369,0.007374956925394875,0.02800760234928004,0.1665976801076593,0.3403087832654661,0.45771097735220007
370,0.027796156903286698,0.08448227215729606,0.2751565185468266,0.3225385489878976,0.29002650340469316
371,0.010688404624598982,0.0644135204402982,0.35668282154051384,0.41717546289342633,0.1510397905011626
372,0.01511245289232439,0.061178121326448745,0.22981052988260484,0.33003833758939505,0.36386055830922637
373,0.006718445501913492,0.04653204674893763,0.29966532382905037,0.37529921940439537,0.2717849645157032
374,0.003750422399605296,0.03466571847234333,0.3463097308151804,0.3874274269048927,0.22784670140797875
375,0.007922591746755834,0.05457232415707923,0.3385070000718419,0.38404138891519,0.21495669510913304
376,0.010942921346286102,0.05650211803204825,0.31110297056311487,0.3865468241349936,0.23490516592355692
377,0.005403744920714385,0.03289443546313763,0.2434215242437159,0.3568332133353864,0.36144708203704584
378,0.031216868146011496,0.12282061482740202,0.3984818099671046,0.34227063956778087,0.1052100674917014
379,0.030946785472307843,0.13147400494062222,0.39750115100707284,0.3430006809918852,0.097077377588112
380,0.027217018888352866,0.07165055181265051,0.23403937286893736,0.3567247951424517,0.3103682612876085
381,0.012146618353308223,0.044333084491064934,0.22967705820352688,0.3649412232869589,0.3489020156651422
382,0.02166839354359647,0.0651083231928112,0.21462986244312218,0.3538959218919667,0.3446974989285045
383,0.011973197753218794,0.04174203942390061,0.1969864484339296,0.35635506947721934,0.3929432449117323
384,0.0214961239847388,0.06503668165386894,0.24099670073297022,0.34411672403183646,0.3283537695965863
385,0.028457032590969766,0.07833419426459767,0.2423774348088399,0.3909633939697321,0.25986794436586164
386,0.06601533393994873,0.14655714165191605,0.3326709702503696,0.35128916522427006,0.10346738893349633
387,0.09363965038452338,0.17588708463463434,0.32377657271408966,0.2768239299916854,0.12987276227506805
388,0.03597432657395359,0.10545583834977736,0.30544588769992104,0.3953033366274157,0.15782061074893308
389,0.08865790507279647,0.1738857578091563,0.34042611969246905,0.2925505659712066,0.10447965145437278
